,TRBJ2-7,TRBJ2-6,TRBJ2-5,TRBJ2-4,TRBJ2-3,TRBJ2-2,TRBJ2-1,TRBJ1-6,TRBJ1-5,TRBJ1-4,TRBJ1-3,TRBJ1-2,TRBJ1-1,id
0,0.20343364647995518,0.011259953032973707,0.08606628655218014,0.008892364713060999,0.09462263007213675,0.08480567500767196,0.11375385665554251,0.029719455781669134,0.08810957123010824,0.04486886988412997,0.028881371065438487,0.08985283370887455,0.11573348581625828,HIP14174.txt
1,0.2530589687055296,0.01609307305204981,0.05170817234400663,0.015855184750061847,0.06865399074097649,0.08139450305396022,0.16072834037059666,0.011404789100104054,0.07403263347050403,0.04007051292060787,0.02515187698901446,0.08814702084595033,0.11370093365663798,HIP13142.txt
2,0.11788961490899862,0.008835030449360771,0.07861607505493014,0.011522828121913044,0.1126569873279255,0.07100460036166181,0.0770973962476088,0.04457357973728578,0.04161795870405085,0.0439889665958474,0.03945011173419045,0.1708119300219588,0.181934920734268,HIP02928.txt
3,0.1508800273283837,0.02373895172828437,0.06939736144274462,0.004472719642795252,0.050849265915934194,0.05319554214664088,0.08698673621842411,0.03426331891928938,0.08352615358338532,0.05225116816706631,0.037385478806879875,0.16698524542499094,0.18606803067518096,HIP14096.txt
4,0.2264012327869523,0.017731818894866365,0.08059696727047444,0.01741600806441045,0.08139530847443285,0.09204710563491852,0.1576358377735784,0.03685747084638316,0.07046442650627684,0.03546776381416684,0.027670562354218012,0.06973823330815931,0.0865772642711627,HIP01765.txt
5,0.19820307564014475,0.01796974349548286,0.062356468846815165,0.0072004272589866235,0.06148884036062654,0.0281560063860303,0.10171097795968026,0.032900607061594055,0.13503047000863047,0.06054956922373466,0.02692445232348595,0.09511094826000964,0.17239841317477872,HIP14020.txt
6,0.235883783136059,0.01606284561495746,0.030129411746864985,0.006753231572767888,0.04420209699110749,0.01443524106235877,0.16868834904523208,0.0025992125935319107,0.13275062568511495,0.04220577693588206,0.01764622245561058,0.10539881577351966,0.18324438738699306,HIP14244.txt
7,0.10348991872881182,0.015078264588806758,0.07237904385468741,0.012088914514294407,0.08996052479772768,0.03221759261791932,0.06385743811909961,0.04425077025849359,0.08564894926653965,0.06604575066183449,0.055814966839183584,0.18689435786886835,0.1722735078837334,HIP00819.txt
8,0.22891627327779593,0.013617890894629154,0.077301728022857,0.01541245756497932,0.08537836725699044,0.07698355630658614,0.1581317596223477,0.03563676891420935,0.0906450863227813,0.04636296812247973,0.030858038224870713,0.06041727598431383,0.08033782948515952,HIP12538.txt
9,0.18745391292445143,0.023760019689265003,0.1312952222143269,0.008554192167569771,0.11815812726654845,0.062460367057517986,0.11722330476095183,0.03139047890011096,0.11420292893168688,0.059098669658665746,0.012691208196388484,0.053638706352435776,0.08007286188008073,HIP14036.txt
10,0.05922129883975205,0.020201658309538104,0.042665448231478206,0.01058448547563005,0.054214905959713046,0.04337080400607151,0.04438739867225163,0.04952409225938378,0.11313645722308034,0.07052166882628927,0.06082683665318244,0.20680188000748537,0.22454306553614403,HIP01499.txt
11,0.032361885989068244,0.019027994540939883,0.11261672047186308,0.017028330798554574,0.09693510974644423,0.09734488685877501,0.05512497855959049,0.04670105561959582,0.11953514540767463,0.06991812411334292,0.048756141710883855,0.14367307393718787,0.14097655224607938,HIP02024.txt
12,0.13838696945815873,0.015376537962321876,0.09598316359188526,0.009074859505520703,0.06540822552426363,0.02765319116256649,0.04765413220810934,0.045894761692037954,0.11422424800207488,0.060077785310435075,0.04714863221307911,0.17308027238441573,0.16003722098513123,HIP14170.txt
13,0.25732222304125574,0.017607173890323607,0.048572702966860955,0.017317365138194735,0.10119822587413636,0.05094674124850586,0.19149164989383008,0.016867772018025497,0.04976534423329751,0.020198452693996397,0.028143587287150777,0.08502681999049294,0.11554194172392943,HIP08236.txt
14,0.20008812491362035,0.01923637513948205,0.0629683322936367,0.017426785798301866,0.09728441512540834,0.06920164594862985,0.14640936511584196,0.03435712760232656,0.08829673424310308,0.04262381645205092,0.03496913772275005,0.08067465463725193,0.10646348500759634,Keck0024_MC1.txt
15,0.14411636278670953,0.014241620304641043,0.08487656089211287,0.01714392065217115,0.11872934763220203,0.0799307130337486,0.13765478695740208,0.03593929965594316,0.06270818807992413,0.04282950099569873,0.041571785651684234,0.1066681610286297,0.11358975232913276,HIP05574.txt
16,0.21879785705065194,0.011781847277968528,0.07506826400007648,0.013273703050396409,0.09008768899414941,0.031529345882058836,0.150290439458206,0.030881121401001434,0.09345865407518561,0.04653646461822147,0.03037604522806951,0.09186881386906592,0.11604975509494853,HIP10730.txt
17,0.27822070139020516,0.01175717071415752,0.04819842562617624,0.010762918780465192,0.03811299576880715,0.04884684789937496,0.1078882872026912,0.03351444030630115,0.0827186444830656,0.011670679014039329,0.01990092825674962,0.1594706561468148,0.14893730441115197,HIP08725.txt
18,0.052983560425225465,0.017186033540890856,0.10492294890611337,0.013592218949386099,0.10329850735796248,0.07061187903096175,0.07183413853362082,0.03463073799667941,0.07976656694503607,0.021290709632698513,0.03806798428764572,0.18593861297049927,0.2058761014232802,HIP04455.txt
19,0.22502064526848056,0.004658622466465504,0.0379966244647083,0.0024753092513541642,0.016137977765435216,0.017260707338303177,0.01680092409992586,0.05308067573167891,0.12379715118159902,0.026015810605191026,0.03251378005922617,0.21819221081241924,0.2260495609552128,HIP13515.txt
20,0.17493821494679354,0.014667423011186474,0.033250369183352745,0.010031499049727088,0.046318011598308104,0.03936815296688206,0.13251678966868816,0.030151648181834325,0.10333050223679363,0.04376138019447255,0.03559726647010226,0.15155687383741867,0.18451186865444047,HIP10815.txt
21,0.12559560959652283,0.01483892725248289,0.07608261366234761,0.01387376406869516,0.04886569018052351,0.09762813211440657,0.056437220708727455,0.049422482570135734,0.1283692142786779,0.06733213834001507,0.05452884434990479,0.12629668393782467,0.14072867893973573,HIP10787.txt
22,0.15690976989992325,0.022191660304474947,0.07622976899663195,0.010789165793596251,0.08361241163207307,0.0677694546011344,0.10044993730003196,0.0332854391491149,0.10772031318718081,0.0469736709407185,0.03432208458742363,0.10411747037090584,0.15562885323679063,HIP13935.txt
23,0.2392493168413536,0.008783013520689538,0.08705504689719434,0.008239039118105205,0.08445800382095148,0.056598937566098594,0.12558267203247964,0.029267769528211567,0.0992564093875096,0.04450916406766947,0.02707059665327309,0.08017269468323936,0.10975733588322464,Keck0010_MC1.txt
24,0.23166084332726763,0.021149077911785653,0.09331389619658144,0.021165568340029462,0.1529608359176048,0.10230827075390934,0.21294236407090142,0.017652271210983735,0.016779322868273848,0.013079888414075024,0.024700202758631114,0.04240967214250405,0.04987778608745253,HIP14018.txt
25,0.23898480058689306,0.020566154328375354,0.08296632286207681,0.01258099517903639,0.045214991516571636,0.024131605553037665,0.1120607628384603,0.0363843611147049,0.11444565848688197,0.042289719630144565,0.011519050628767418,0.11499393659707408,0.14386164067797574,HIP03746.txt
26,0.1180131652002981,0.023356506796170278,0.07102145289165519,0.0037528245866898565,0.009775410781966086,0.0046806360356086586,0.09350519226608046,0.03344733999263412,0.16150844357889305,0.06691542078051158,0.014737866823243871,0.173294889878062,0.22599085038818678,HIP00904.txt
27,0.27870549526706884,0.020728378889476602,0.1181230085190749,0.018080534280150627,0.13459412111409413,0.07044205012849453,0.2026171400965423,0.004790525098687429,0.047026703253069665,0.016952542052127154,0.005511455454356959,0.032392337689986644,0.050035708156870196,HIP02790.txt
28,0.21458375474015223,0.01736291776857052,0.07531095110881345,0.009349445527178478,0.05030161281782532,0.057595298818711435,0.15270581875273437,0.007739861812239554,0.1009882195003574,0.03843047888782594,0.026032522200152404,0.08985072785413388,0.1597483902113052,HIP03184.txt
29,0.1264856095068487,0.021161306041863996,0.039925086532586314,0.0061133082535758465,0.03248652336498669,0.05711845198135782,0.0915957893942553,0.03045588050707799,0.12733526193858816,0.06602896698451792,0.04468238790903977,0.14499261477534003,0.2116188128099614,HIP14142.txt
30,0.15827103594542372,0.010882983599655147,0.0634541147206786,0.012590367247143016,0.06457652633141306,0.047998845189742796,0.09081625357111037,0.03519036950011441,0.07320459684123244,0.04466862218450069,0.0500992030132836,0.1686057350405834,0.1796413468151188,HIP17737.txt
31,0.2017122508437022,0.03490919733888405,0.0387804281517814,0.02793850452861246,0.09434317937146855,0.08501999229901291,0.1980174002430549,0.0327129485048541,0.06156125265554808,0.027998266917005184,0.023781289534596028,0.07401217658281503,0.09921311302866508,HIP09624.txt
32,0.16625141016157205,0.010778830191876934,0.12872184113212168,0.014090587443647728,0.11391243088666317,0.06069827930368909,0.08557704674065848,0.04454934896603292,0.09827017709954529,0.053551541764735505,0.04194246612225657,0.11452877111686577,0.06712726907033469,HIP01004.txt
33,0.18555550451594988,0.016268153017430457,0.0578042435524619,0.013260347767084325,0.06309447421264898,0.04681825160471471,0.16464399780288233,0.03291350386288014,0.0937781095224454,0.05560526828457715,0.0385007937093463,0.11171129638446652,0.12004605576311199,Keck0107_MC1.txt
34,0.24399839117642275,0.012009647893501918,0.0626555478573081,0.019022848127903808,0.11951368804690751,0.08985568914826686,0.20791885875533683,0.014325527837095437,0.024102954826001964,0.01171259210173373,0.0209350449795493,0.07097175125179077,0.10297745799818088,HIP02734.txt
35,0.19808718819797458,0.021940109832049935,0.04721530645339932,0.012072914567166243,0.09112323389172347,0.0829732641302944,0.17742954401940952,0.012997469410776941,0.07320879208533976,0.028912191841649372,0.036693024934493806,0.08672463550317011,0.1306223251325526,HIP13311.txt
36,0.2846655432393026,0.021058658847902638,0.058390987268150764,0.00888519792860473,0.04865941908024901,0.04327543394181563,0.12808616228011654,0.0016466657333063881,0.08298638384094771,0.014360390242133163,0.019864707933373443,0.14839752966734665,0.13972291999675063,HIP14059.txt
37,0.15495185969145486,0.017026833200425487,0.06793002315754407,0.014352670910235451,0.09779864577173919,0.07322321259532956,0.1377114669219149,0.03452803616553936,0.06712345156851832,0.04610000107527858,0.03728805318609959,0.130838002148273,0.12112774360764754,Keck0114_MC1.txt
38,0.20527667420555706,0.021898856034302725,0.08408476974276387,0.017821010829984933,0.09883138257084843,0.08364703863324076,0.1747569307776968,0.01741505034573124,0.06335386253065466,0.034542646042862085,0.0329623228599272,0.08523818208433764,0.08017127334209238,Keck0048_MC1.txt
39,0.09656459134744343,0.010673609432213797,0.06810015808044832,0.00616181425773036,0.07308798471872843,0.018001182485768968,0.050705754284903135,0.045908713657796564,0.11686455443157619,0.06774931529559208,0.047357911318362714,0.17842675468749625,0.22039765600193967,HIP14016.txt
40,0.10488333681730526,0.01489664684398942,0.135848755340472,0.013365781479126048,0.1543367369416623,0.08245706904408635,0.07838515867401738,0.04368791736271328,0.04281858453655097,0.054117725650015575,0.04008358498798258,0.12256936217605868,0.11254934014602,HIP13958.txt
41,0.22505576484250672,0.014665522414465663,0.09889627410847576,0.012133485145828175,0.09400580749849435,0.045985806046362925,0.08438176772485398,0.028827761054152426,0.11124815933944132,0.047373323949927056,0.016591720132595956,0.08532710204617362,0.13550750569672196,HIP13465.txt
42,0.20247300728511883,0.013761124357539508,0.08209595543738234,0.015444671067051913,0.11186819369111842,0.0669953071854501,0.16025845984808573,0.03234599825430337,0.06010772697578923,0.02959392439216176,0.025720173895977746,0.09746565631155346,0.10186980129846755,HIP01160.txt
43,0.2327776026199325,0.020671609848330313,0.07317523217720681,0.008850505179729502,0.04946519296218494,0.014479436375127403,0.13083941027012183,0.0028071350693281024,0.10865485798281875,0.06731137577990505,0.019404114827037494,0.11791439582664394,0.1536491310816335,HIP13751.txt
44,0.2911499747511746,0.0108713179265658,0.049524852537241815,0.0114508734712134,0.09355651059376568,0.06783011681022008,0.20464448171443328,0.006811665187429252,0.08601622483412778,0.014760494521450987,0.0179547782337441,0.05483631270992975,0.09059239670870356,HIP13947.txt
45,0.010353787129642853,0.012383421776021954,0.04591506182459472,0.012457905259261385,0.10988057282880079,0.0852291871507367,0.1497428027184678,0.03328842407726435,0.07214031313680982,0.05106071503262877,0.047816159051914824,0.16289839861571834,0.2068332513981377,HIP01596.txt
46,0.12619549148719506,0.01391442285182234,0.03958661008807425,0.009428070804998698,0.05471807551669265,0.06889650350885208,0.15135006986639474,0.038420748274665614,0.08712136683498896,0.04929797659543237,0.044436444106037365,0.15972013516261924,0.15691408490222677,Keck0106_MC1.txt
47,0.23894052368733745,0.020337620864650865,0.13662399543671475,0.0203534519577081,0.1499670275215176,0.08720889006807847,0.21065264295457298,0.015419659179875521,0.02052014339204476,0.019441671795887638,0.019181865791140614,0.030060740401104607,0.03129176694936659,Keck0076_MC1.txt
48,0.08773028949750158,0.011623639234105547,0.07421899027897198,0.01107739028656341,0.06041286206341728,0.03907133496080332,0.04269954780909559,0.04941090710349185,0.10118733476233858,0.07865565952284939,0.057107664434599664,0.19197808268547545,0.19482629736078647,HIP14236.txt
49,0.156192290094101,0.0030833189179412007,0.04904610734477393,0.007106541348015863,0.0864411305987933,0.032138986189375385,0.10732730753369876,0.047513927316689374,0.05344850259702675,0.05678266010759429,0.0515943525901502,0.1709112866129294,0.17841358874891042,HIP14043.txt
50,0.2871721623647267,0.014561577202129904,0.08070134594757113,0.019736345134554516,0.10708107574597421,0.07593690609710053,0.2093514224168797,0.0029687026380573497,0.048495631620977635,0.010171622640978624,0.015330602282080117,0.06436887893140372,0.06412372697756588,HIP09041.txt
51,0.25179242338866925,0.01634738996659024,0.0544457363456172,0.017560478376687626,0.09256751427443152,0.06766115101577252,0.18853460857435553,0.012233745662959096,0.04961032776223883,0.012980893843516307,0.021600306708316027,0.08994568321627606,0.12471974086456962,HIP10823.txt
52,0.24036347950853895,0.015613515199606045,0.07399260855237112,0.011608148833315993,0.0925449867061451,0.044619702161082304,0.21432356450464238,0.02767742248968326,0.06400703752888567,0.02769991071454064,0.017516109127982793,0.0632796107439065,0.10675390392929929,HIP09159.txt
53,0.2197457820042329,0.011409599330955202,0.03559677305381676,0.01119083876359612,0.05219513706590823,0.0448513301832241,0.1288731487995209,0.03479485758895985,0.09216763999486328,0.05133123263329838,0.039146332953880134,0.13240031291664758,0.14629701471109674,HIP08711.txt
54,0.054504468574398245,0.0015471128783137132,0.07520262257476902,0.0003494427747799902,0.00018037269256485585,5.854875170574049e-05,0.1151212314101868,0.03926354823867664,0.17281251044949528,0.07978866462295892,0.019196968393419386,0.20672917262248203,0.23524533601624942,HIP09022.txt
55,0.14232308921228276,0.020721457916987752,0.04474032060189509,0.012119476850502206,0.06751711181999201,0.026061982810699675,0.13381491672022222,0.03553756779045883,0.09529154353469939,0.048207056972538895,0.04601288283675971,0.1578449688671034,0.16980762406585814,Keck0077_MC1.txt
56,0.140173911371532,0.01699551008500754,0.07581133091110645,0.021039622561589897,0.15451088390286932,0.10262656105794334,0.22063638987263434,0.032521785168086244,0.05151867250198359,0.025142675313925385,0.02120703403538835,0.057622601571932636,0.08019302164600076,HIP00971.txt
57,0.002200914939031026,0.026057783289954103,0.13322002144296616,0.022712840821425613,0.1324548104305916,0.10406187395098344,0.07103686880275512,0.04617268717824515,0.1276573190194025,0.06970914019506698,0.04543831211779306,0.10295767716856877,0.11631975064321652,Keck0031_MC1.txt
58,0.162453121003373,0.02376999672549727,0.09813643501422714,0.018629020426974695,0.12605348075260647,0.08858172488686623,0.12520933958324962,0.03582583423367114,0.09836252483956359,0.04829294396487393,0.0398588196288937,0.054547728951272634,0.08027902998893062,HIP14000.txt
59,0.2542414939654606,0.023594503640646428,0.07196782300772415,0.014916209780938328,0.110922485276751,0.0819523313167218,0.19303211864352388,0.005572145741429266,0.06650606702307131,0.013587988912668362,0.013030339569819542,0.06206336829561501,0.08861312482563019,HIP08986.txt
60,0.1807831667838075,0.012668772148802323,0.09145403092072903,0.015968585330358786,0.1335453702609432,0.06656405621326944,0.13876143037540617,0.029029297145795486,0.03399053132770558,0.02502377798911885,0.03095679267572569,0.12404848789672836,0.11720570093160966,HIP03111.txt
61,0.18450880813848644,0.018117812103989092,0.10107713756346925,0.01161360821102135,0.05760391071952313,0.017145030501888765,0.14300227111345892,0.03183689475715717,0.12166976868746471,0.05144399559238859,0.02494287231810518,0.10883970600058619,0.12819818429246121,HIP04480.txt
62,0.07254667686971782,0.020792704976830945,0.1449899320194053,0.020629540060562168,0.1641955689609834,0.08953541087646784,0.15789305102306436,0.03790694394221606,0.06751315341258711,0.046191053148772185,0.03807598996433867,0.07492550319948117,0.06480447154557317,HIP02103.txt
63,0.045073375125610285,0.03185855315737538,0.04794741450835855,0.019568068663805126,0.05589427719581946,0.07098938884602646,0.07876023161190775,0.04973291064707864,0.05329365415934858,0.0666134984311838,0.05989682578591883,0.20973182095493978,0.21063998091262737,HIP13753.txt
64,0.24349513926582383,0.023868698349447517,0.05381620001369845,0.021623450645769742,0.11170392011553781,0.09858746755041334,0.21919250169818158,0.0342358023945306,0.04353711606133653,0.01633633334129365,0.0183305432677667,0.04442676997690684,0.07084605731929343,HIP14079.txt
65,0.03210784841003711,0.017549566964538833,0.0483539259353143,0.01318366744404602,0.07950099735150536,0.06611826149438448,0.12294540858430203,0.033940975084582416,0.1225551988554891,0.06509280550144733,0.04772078639185189,0.15156059101833697,0.19936996696416404,HIP01597.txt
66,0.07794457371108043,0.004863991166763549,0.02385994610684351,0.008743464966508619,0.030546817671128084,0.01597670693085843,0.06190902333171526,0.0495259219521407,0.08539227572441034,0.05352157073780102,0.06715104379729957,0.240242423527646,0.28032224037580444,HIP08816.txt
67,0.11353739510049088,0.012859827190777792,0.06271483835487876,0.015686773203970633,0.048877775684963334,0.051326062992017966,0.06552862842441338,0.04960345257455072,0.11479452750421745,0.06044110542924355,0.05792939048196118,0.1653262642941354,0.18137395876437887,Keck0070_MC1.txt
68,0.22271217942464677,0.017391093095903008,0.08334268936703401,0.015713519663981254,0.08910422275086205,0.08993487350719045,0.1677798738237947,0.03353976179749054,0.07979102972321893,0.037129012884692496,0.021396463872376596,0.06073835968491538,0.08142692040389383,HIP13686.txt
69,0.11558408043416507,0.02891032135495918,0.024466230510084848,0.023117476095153345,0.025524661340134123,0.05193337326211072,0.14259787390433146,0.0359600868503913,0.087349289660449,0.05264610060728535,0.049192160158420956,0.16742875430421794,0.19528959151829667,Keck0098_MC1.txt
70,0.11409398557998394,0.017450877600349864,0.10506787408917827,0.02082611489373506,0.12373550205618843,0.0820618711775599,0.044251545205451624,0.04573613759957376,0.10139503013819724,0.06749361724266707,0.04915644152030716,0.1283275759648221,0.10040342693198555,HIP12091.txt
71,0.1978049629064572,0.015372519595364353,0.10549038303662943,0.012937830832484044,0.08832050446557366,0.05062186384138677,0.11272414861539448,0.027291317360786035,0.08982706938320482,0.050019818892758354,0.02760516047001258,0.12132713136242243,0.1006572892375257,HIP04475.txt
72,0.22863545388082215,0.023608897529629164,0.10654207485204566,0.022653758555923182,0.1264111683587616,0.06805802211632898,0.1529100833453996,0.03353589762273597,0.04523929235565278,0.03635967869599544,0.029327759542699398,0.05989148728876618,0.0668264258552398,HIP13814.txt
73,0.07885248274450826,0.006981915175522498,0.08799019374877441,0.008589707805422137,0.11576243851016611,0.08528430891985878,0.07696866947692516,0.04395654526988046,0.05147819982726806,0.055946657826484975,0.052494579563795815,0.16896582706692267,0.16672847406447072,HIP02811.txt
74,0.04923323918030233,0.007571300105663672,0.10037618061358124,0.007975578753492212,0.07576393500518218,0.05379143979125698,0.075502939853711,0.04794816472425221,0.07114890350227052,0.057871448942236434,0.05489269150405768,0.1871638372360142,0.21076034078797934,HIP13352.txt
75,0.11401960565451838,0.010862052124735145,0.059988113237181846,0.010544443680522276,0.07618933151319568,0.05953814549051724,0.05504528332042312,0.04596252691663525,0.1133250939230937,0.06673108618189301,0.052348965386464816,0.16859945860292525,0.1668458939678944,HIP14202.txt
76,0.19974895418365435,0.015489892423710884,0.09514231700638844,0.010826016913590246,0.1060560482188547,0.07023703515026448,0.050945574075430954,0.045029689532405125,0.1037706445721717,0.05487111333027682,0.03422020994017302,0.09541547705703418,0.11824702759604515,HIP04471.txt
77,0.17009765229891366,0.025325780087428813,0.047133179130220075,0.01927707543082843,0.0790579856212733,0.08384166360920793,0.15503198206473467,0.04122783293968649,0.1243157515324601,0.06068027727403889,0.04275439810633128,0.05440343578146493,0.09685298612341126,HIP10480.txt
78,0.14094689166224136,0.018712024480396692,0.09369035363108866,0.02430593022001324,0.15485688566909858,0.08186965760691492,0.225947686919192,0.017063413691192148,0.03216118202221254,0.024756552294104825,0.03152986660163476,0.07477864927785925,0.079380905924051,HIP05535.txt
79,0.1981724205049129,0.016311666139220003,0.086609408277994,0.013545617335452237,0.07899691443617994,0.052832196655649,0.15374455592538075,0.03400360976122915,0.07033019265518538,0.04438743029875623,0.03639303275961535,0.10541207704349712,0.1092608782069278,HIP13663.txt
80,0.15079013848125405,0.006483749008299773,0.12373657194887322,0.018562874471446788,0.09031177227628565,0.06092876964720911,0.07284676472399385,0.0451628913467807,0.09982382818150606,0.05241346451332746,0.045394811084969657,0.12494822254344531,0.10859614177260855,HIP02078.txt
81,0.15639203255485137,0.010775304425217597,0.14791516775838637,0.01725431663275798,0.14349691957725733,0.051763318696595034,0.07092640644450797,0.043238950099715484,0.03918008079385707,0.03737613729942878,0.044078625797916424,0.13425251779517208,0.10335022212433623,HIP05590.txt
82,0.27502408486711666,0.005915790321234158,0.10504741341595257,0.008122806873377908,0.05467438335362231,0.05276543161853968,0.1060305093681508,0.03568771080596467,0.07423873612298251,0.019272033466727387,0.010117611717912105,0.13323306930976958,0.11987041875864962,HIP01129.txt
83,0.14556567292157369,0.006503123359101488,0.05086518487676487,0.002476859697367598,0.002881604119471583,0.001299710221161038,0.07445892858474076,0.036799032609137715,0.16109188176567826,0.03772290935427776,0.0103971777565167,0.2082118359843592,0.26172607874984943,Keck0015_MC1.txt
84,0.15966281920388492,0.008109453696591572,0.08682694960161008,0.012989257359758758,0.12686242462963837,0.06653111658787259,0.05980063734445973,0.04387244251250042,0.06776784343377111,0.043991494117967385,0.03976263083130513,0.14253517697923002,0.14128775370141006,HIP01582.txt
85,0.19721567613420443,0.019397876134077157,0.03645604625089258,0.012235825416884668,0.07489981622082204,0.08645781024788518,0.10291105387878094,0.02986373864805614,0.09956834336586706,0.04209166631265627,0.030509948449358802,0.11909457382898103,0.1492976251115338,HIP11518.txt
86,0.02271230077596541,0.010052976288937126,0.07867731851426192,0.01703883433847119,0.12896733909870323,0.07713270333578394,0.1732804834138115,0.03430495784583707,0.06144754007610973,0.055469614404254595,0.04923583773423099,0.14318670980296888,0.1484933843706643,HIP08653.txt
87,0.16860941802909454,0.016007131854843436,0.036939198509697395,0.01383613289431955,0.05337001030236909,0.06592378165320964,0.14700570906789537,0.03162241104505915,0.0999181180175141,0.03547155110334819,0.04323862643430965,0.12083004524846465,0.16722786583987537,HIP03125.txt
88,0.2240296615071907,0.012777466368632329,0.11163624204247181,0.016091000762169082,0.10822232100297707,0.07515487013601924,0.15280000251946388,0.02934802417573809,0.0458414389309999,0.03137796033077306,0.026690529939203372,0.07511840475817907,0.09091207752618241,HIP13983.txt
89,0.23854028995991972,0.018045973083925998,0.0775824322396091,0.012080688602909955,0.09751737819314134,0.06090338676187467,0.1907355775232758,0.004883634727321252,0.05839860982161103,0.013924630392536491,0.013519848039943341,0.10086026940807091,0.11300728124586043,HIP14095.txt
90,0.22812360524120937,0.009070563849754958,0.07406381710228438,0.016175213047861525,0.12986256191995382,0.08502958080940201,0.19061413329883262,0.0326700799351597,0.02479965985534719,0.021456812490774583,0.021999406524314227,0.06786661447270127,0.0982679514524043,HIP02820.txt
91,0.23260557202130727,0.026074196704569168,0.12100650865620532,0.015123010751270344,0.1300074681845917,0.08631098729309769,0.13511036739487567,0.030883724818606594,0.09299314305137497,0.03189949617621087,0.008751862592401917,0.035144427506229266,0.05408923484925927,HIP09029.txt
92,0.2251722505802813,0.008698324644420148,0.05925156171290226,0.02371070487433588,0.0799013780889356,0.07265771744643543,0.15590648065746612,0.028622161768619384,0.05568418687488928,0.03474453338109037,0.030407252320016082,0.11865081699928719,0.10659263065132095,HIP13513.txt
93,0.19617744312199567,0.02674978179045351,0.10324064457176399,0.024959538254214982,0.12552723207441518,0.0876712485294578,0.14762687182476297,0.03226849879395807,0.03539304010900502,0.011744094954220373,0.0353622731868583,0.10294138112505381,0.07033795166384024,HIP13856.txt
94,0.17282389475179885,0.02545652110914609,1.0373414745320028e-05,0.023432254046588122,0.15187751635807245,0.09608173848252183,0.12588263927083565,0.04292265340592963,0.06366376649862894,0.03925066477461008,0.045243138803786304,0.11436389325267843,0.09899094583065837,HIP09681.txt
95,0.10621933312799847,0.012619222734049602,0.08649539458435644,0.017087793307368888,0.1131114355746386,0.07686966567828647,0.0867365435253509,0.04655267228009043,0.09527154502061981,0.04191414017251327,0.0520568874156995,0.1270636870255098,0.13800167955351778,HIP04958.txt
96,0.12489524814571538,0.00803813196329729,0.09801448206742808,0.006867206808644445,0.08178310821002248,0.04208634531938398,0.07698122047944551,0.044942789806374485,0.12164869200703692,0.05844243103116032,0.03529474552674394,0.13293394661825933,0.16807165201648783,HIP13363.txt
97,0.032493582645779354,0.021825829031289386,0.13361027493553151,0.019164888471823488,0.1507296517507023,0.10469549826815443,0.08820092529272436,0.04612444938633159,0.08266095602571367,0.05571900492859858,0.043104234384447056,0.10771876660512231,0.1139519382737818,HIP08345.txt
98,0.16149675593223817,0.019434935610727743,0.11890723747912332,0.01678774579444968,0.1357422685934577,0.09812546907931047,0.05643538510702887,0.04483270003659242,0.09538992211919389,0.05772262304926385,0.031602451481624216,0.08863088777240173,0.07489161794458783,HIP13518.txt
99,0.08895928524616431,0.02085464466224849,0.01855239030427239,0.0037881422033722006,0.019250091756977245,0.027766394638944907,0.02810196006318813,0.052798721423269544,0.1612739988538966,0.0873241276244778,0.05520038999534335,0.19708891971509776,0.2390409335127473,HIP13769.txt
100,0.2031306418654282,0.01853984814493829,0.09779785463689296,0.01822341359507446,0.11279576452673605,0.06305624170094669,0.16359946665436692,0.030652463541957747,0.029212137489763135,0.01620581551270276,0.02355581312873298,0.1261565917381642,0.09707394746429555,HIP03236.txt
101,0.19069992527388868,0.01420858029376378,0.09641347401296584,0.019257796482114415,0.13570527515100866,0.09095796685193915,0.147451367158823,0.03507521069451496,0.06528454285413884,0.043935962321317475,0.028483524135099046,0.0589203281716592,0.07360604659876688,HIP02126.txt
102,0.053959753783099314,0.011716565842188206,0.11360029129775552,0.018275456399448414,0.14925797501863555,0.06564150186092438,0.19225296386916105,0.03218079477038327,0.015373933116823455,0.018418464903457984,0.03874088996844626,0.1489199726399193,0.14166143652975718,HIP00869.txt
103,0.19881372942053224,0.009334597660224077,0.11053467203692664,0.011244924735022418,0.1089134778307464,0.09409784147846337,0.17087067282726287,0.03238859025631461,0.03874483799412016,0.025878431040066235,0.02419630573045091,0.09199742982515619,0.08298448916471389,HIP14140.txt
104,0.16649689950040886,0.014922723369878857,0.08544873855896702,0.010949029375629383,0.07912830728581402,0.028124594776626256,0.0824406575250815,0.03510747645712305,0.10053905966268063,0.05505751477898459,0.04613089982601184,0.15156307829146365,0.14409102059133028,HIP02947.txt
105,0.11080021287465781,0.03285144870075797,0.014484722517115835,0.022008508451619998,0.03086638723359812,0.03634612516943147,0.12898344916337023,0.036712662444472716,0.09451779045961611,0.052467160881955334,0.0518828706010595,0.17770570535327718,0.21037295614906776,HIP02805.txt
106,0.110106647142289,0.029836527366625065,0.06274478306485728,0.01917721621570447,0.06047941718407861,0.08183547473032683,0.04384757343574726,0.04680622271735382,0.11631548420097845,0.055617721189510895,0.05011346256499949,0.15619097167362783,0.16692849851390112,HIP11937.txt
107,0.22244443165563935,0.011339180704004812,0.05646547524931011,0.015765196552707448,0.0862415905845322,0.07985321388162558,0.19051823698864082,0.03070817631349895,0.03604564139646648,0.02182298305064966,0.023668633895767933,0.09871932669241808,0.12640791303473867,HIP10408.txt
108,0.16086720640997784,0.029587927745546076,0.10953289563776945,0.02502873081392836,0.12587153595436434,0.08354715932311016,0.06870445753764112,0.04732307511562744,0.11738186786430856,0.05149531171578107,0.03770949973787105,0.08102771560392551,0.06192261654014885,HIP13961.txt
109,0.2625437413771392,0.020715507938566566,0.09403593034800445,0.01670326527328891,0.11296850308039051,0.0875556447590379,0.2041950982985054,0.015054854185147426,0.054800612894051,0.028064996912403863,0.01668747836921838,0.02558155925719238,0.06109280730705389,HIP14072.txt
110,0.2350629615592393,0.009794521925686007,0.13589739773612647,0.021637862582166434,0.15859449917384943,0.10472615851909384,0.1492218867163925,0.03480750311554396,0.027188204219777454,0.03719200914476726,0.024615094387453604,0.0321336999540949,0.029128200965808877,HIP14090.txt
111,0.1847386060356056,0.01995480319858293,0.09954522387129715,0.018058412039313326,0.13389603123459054,0.07798915906526947,0.13527887837241653,0.031713935868397894,0.06853674555641281,0.03669548422453298,0.03111505254296797,0.07686145135581052,0.08561621663480218,HIP13736.txt
112,0.16871692704469787,0.015580212467865872,0.0802839207919472,0.012734009097110859,0.08412946236267593,0.0798713170078675,0.1677294054691358,0.03162874433270872,0.08830839468175022,0.03364547930341284,0.030080567838290415,0.0834788410110594,0.12381271859147729,Keck0040_MC1.txt
113,0.1369028863640696,0.0071824682424913525,0.05253647034865455,0.00907900102967711,0.06821315169402421,0.03948913764429355,0.13410964693446686,0.03449061595553471,0.08488226224530161,0.05624713554389231,0.04822843700777013,0.1425701408861412,0.18606864610368284,HIP08977.txt
114,0.1988100234142075,0.007984591518286527,0.059006468648085286,0.008723382090387966,0.05702787505472126,0.04121583358521676,0.12319477455071358,0.031542787320548306,0.08281703236961584,0.04758640041919121,0.04080556188753024,0.12407587242957774,0.17720939671191782,HIP13214.txt
115,0.11286786186122104,0.014409754745782082,0.13387974297538924,0.017225672846684144,0.1598729541158428,0.0991799063134295,0.1021373555883363,0.04226533411410927,0.055451771132137236,0.053292892234498845,0.04101983537955099,0.09196420667491226,0.07643271201810634,HIP13658.txt
116,0.09755651517347368,0.010082116680313835,0.11026838329703635,0.013396430362159522,0.10500985394207256,0.06998222058477374,0.0608948934276318,0.04686444609329876,0.07369287849318365,0.05750582066050074,0.049575209911568795,0.15974286743724708,0.1454283639367396,HIP17793.txt
117,0.14862014773697443,0.009789558057096366,0.12045735578296245,0.01666688889954598,0.15579819233308512,0.08840758972557698,0.06293922483370634,0.039923274008272884,0.03172383876304565,0.034722570849434864,0.04234459724877691,0.13422510669118404,0.11438165507033796,HIP14161.txt
118,0.254475258739582,0.01871950621890109,0.06874409912284053,0.01738751066019883,0.10879503348034492,0.09489163766813209,0.19715873545386833,0.011703055601543298,0.0641370215241504,0.03451120381504422,0.02644240014962356,0.03883864379028329,0.06419589377548757,HIP00769.txt
119,0.2000547180349377,0.021381792241194655,0.1212475980664666,0.022728082879943518,0.13906769578238468,0.10843020234858414,0.07592519117220535,0.045544468063079366,0.06876330601436027,0.044219686330609284,0.0314219271284447,0.07956596895636744,0.04164936298142262,HIP12143.txt
120,0.16914628233092807,0.027069676609127954,0.10256123600592564,0.02476491878725655,0.10177711729729266,0.07040634502866706,0.16522190721310703,0.03632363874274131,0.052535890969256586,0.04026020372649932,0.03577685672299095,0.07918284171747206,0.09497308484873461,HIP10447.txt
121,0.11922965613712738,0.018208727916165988,0.13953645088923256,0.022532832225552437,0.11911759635704507,0.0951161359082257,0.0823327034653346,0.045485452543328385,0.09846381824558183,0.049357720875792654,0.04090655154054806,0.07708607960089896,0.09262627429516627,HIP08305.txt
122,0.23200086794821018,0.014483308461389847,0.12848573794139537,0.021835478218018206,0.15760256711441806,0.09773884036468608,0.14830863188516497,0.030990579111378192,0.028219987354983815,0.020974401869313375,0.019176058891835518,0.056392472442511936,0.04379106839669439,HIP00775.txt
123,0.255432632922706,0.0036817930101798414,0.08829351979726685,0.006745538095497476,0.027383306639606562,0.006124868048815698,0.09690809204823261,0.0005228171312889627,0.11923267825615819,0.017810063860339002,0.0037721811834356745,0.1417173871427697,0.23237512186370335,HIP13871.txt
124,0.2366521942398529,0.02092096761603647,0.1279136955722549,0.016910544129358655,0.13885662575115418,0.10117011091537825,0.146603378086082,0.03251846974317158,0.04917930824250428,0.03684138687387859,0.02087907408276628,0.034205705129076475,0.037348539618485166,HIP13981.txt
125,0.1692728302978365,0.01750133338919904,0.10357655399072631,0.013775763838927368,0.1238371479557548,0.06089387875143269,0.11616205902586126,0.03187080356835183,0.03279595775429343,0.046899470490272814,0.042134338285091916,0.1249364658398345,0.11634339681241752,Keck0118_MC1.txt
126,0.2760267855247385,0.021609788618520063,0.11895700677665032,0.022065621949745474,0.15134035265097265,0.09260427792135198,0.20790612834982147,0.016583718246352824,0.02802431823649873,0.015235104103707407,0.008006592267565497,0.013549254352573979,0.02809105100150102,HIP08346.txt
127,0.043381039793983445,0.015298743761307609,0.04227019353951291,0.012557090443738685,0.12702710580797755,0.08958348732361894,0.2115283494632808,0.015352175642984994,0.055476503098924594,0.04553936842582293,0.04450154073216781,0.14270387670291793,0.1547805252637618,HIP17845.txt
128,0.22822824321053914,0.021373145577466574,0.12191169373891314,0.014675369372170453,0.1413172876614762,0.10590909206422092,0.2086029171558731,0.01803587559936524,0.020436007411934125,0.006376667163411219,0.008818763500525344,0.03816775539285052,0.066147182151254,HIP09190.txt
129,0.10924227529198786,0.01052313571196902,0.1112243510383419,0.011240556439603233,0.11168633774056577,0.05666087637484399,0.06259083668050226,0.04528735074187308,0.09240718487606522,0.0693869108241835,0.047013089102951,0.1448846861400208,0.12785240903709238,HIP14118.txt
130,0.22731784042237174,0.013420061912476446,0.07013994388334747,0.01625031649698832,0.08917581967890792,0.05350368731938649,0.13075173809597937,0.03513793502517695,0.08613958796100814,0.05063989674171459,0.03159095027976614,0.10123089153984069,0.09470133064303558,HIP14178.txt
131,0.19127294192105376,0.021418149756357176,0.10084226419407925,0.02028016909403966,0.15027274421793493,0.10702586301662505,0.1654858525352379,0.035496180880527785,0.03586339950367137,0.028188688813838216,0.02365100249039086,0.04280416130621195,0.07739858227003205,HIP13157.txt
132,0.10624616628938797,0.014399407380465018,0.036056507939047786,0.008396197697646835,0.027331797477736564,0.018556452744293798,0.037781645820996544,0.05205573255733292,0.158187401341403,0.07229450871223213,0.04649421076367038,0.19609519380433757,0.22610477747144947,HIP13939.txt
133,0.19984369575995062,0.01721689483031379,0.08949693751763313,0.01693040396406404,0.1109792217380753,0.07502087761513972,0.12080301165621293,0.03172944125181221,0.06966478144155702,0.041390983079322,0.039286074155801674,0.08997829480607357,0.09765938218404403,HIP13994.txt
134,0.07113923061793531,0.024073185286766708,0.15353505254856506,0.0015221876087749791,0.014245817050934233,0.001060233428106522,0.019318089499759786,0.05201789888396795,0.16573712180060246,0.06299133456894514,0.0027161056282691337,0.19891076903263982,0.2327329740447329,HIP13252.txt
135,0.22013569587859572,0.019217217407043834,0.08464863902443003,0.013099977485083243,0.08951689585058706,0.06527214027041152,0.15756424145857953,0.005575584188813717,0.06046949717606003,0.030700807831052907,0.022244491341080894,0.0986984100399884,0.13285640204827315,Keck0103_MC1.txt
136,0.1528598333057553,0.017013838443252192,0.08608361228180016,0.011523799578182734,0.11165294144184909,0.06875776329106015,0.09717366853236376,0.028103087847083597,0.09453561922567615,0.05634922135866412,0.035312848708135045,0.1085825008918156,0.13205126509436219,HIP13962.txt
137,0.20397972915227167,0.022411799176371722,0.09198151899590286,0.0175025477939767,0.11543967984268681,0.08546966866382791,0.13219588235876722,0.03187541257698588,0.0808445218151514,0.03836666107330862,0.03080410441137648,0.06781738063898286,0.08131109350038981,HIP13903.txt
138,0.25395398952508885,0.007564495611880303,0.02895762666838301,0.0034137795675817204,0.032693828561702436,0.033252138308076246,0.07785107253993546,0.035175409809866824,0.05869438689312315,0.044576757593861364,0.02742241059805183,0.18731810455924308,0.20912599976320584,HIP13923.txt
139,0.22542980208740057,0.010119410588156283,0.09710986077077283,0.015064137522736437,0.12450696617759402,0.08217062960799805,0.1875241277940452,0.035123275991203885,0.049825386039527596,0.03188779592473016,0.02917592900556574,0.05147873496470485,0.060583943525564246,Keck0078_MC1.txt
140,0.12299672140747693,0.03211129938216583,0.06552254416122993,0.027041802813465958,0.12549216190668386,0.09867123133405742,0.18792056703191254,0.016175272216937965,0.05804147922661853,0.03151484542759843,0.03110665417215302,0.08502039760797724,0.11838502331172235,HIP16867.txt
141,0.17902790297331325,0.003155370816592353,0.012351803898918549,0.0034793328369612454,0.01851889568732205,0.04160092761748894,0.07788355049456952,0.044345259805951685,0.10280107119872202,0.07896482607333048,0.02428584323216118,0.17780292425112756,0.23578229111354115,HIP13699.txt
142,0.0777152837799963,0.019106177786344377,0.09866207704364799,0.018110868064998634,0.1217122314126207,0.0809658458730158,0.0845183734949636,0.04767728378180001,0.0955458506519622,0.05682437735759586,0.055440982881337454,0.12839767912311206,0.11532296874860495,Keck0087_MC1.txt
